0	CoA	4358051	3190720.5	1	30
1	D-Glucose	3780064.5	811381.5	1	2
2	Glucose 6-phosphate	3780064.5	1075752.5	3	3
3	Fructose 6-phosphate	3780064	1340123.5	2	4
4	Fructose 1,6-bisphosphate	3780064.5	1604494.5	3	5,13
5	Glyceraldehyde 3-phosphate	3780064.5	1868866.5	3	6,13
6	1,3BPG	3780064	2160099.5	2	7
7	3PG	3780064.5	2397608.5	2	8
8	2PG	3780064.5	2661979.5	2	9
9	Phosphoenol pyruvate	3780064	2926350.5	2	10
10	Pyruvate	3780064	3190720.5	4	30,11,40
11	Lactate	3143436	2942511.5	1	
12	6P-Gluconolactone	5176754.5	1075753.5	2	22,2
13	DHAP	2928837	1868865.5	2	
14	Citrate	4385578	3565047.5	3	16,30
15	Isocitrate	5014223	4167717.5	2	31
16	Oxaloacetate	3411982.5	3718317.5	3	17,71
17	D-Malate	3086431	4043613.5	2	18
18	Fumarate	3086431	4368001.5	3	19
19	Succinate	3452897	4696458.5	2	20
20	Succinyl-CoA	4135291.5	4835035.5	3	21
21	alpha-Ketoglutarate	4907225.5	4515020.5	4	15,59
22	6-Phospho-D-gluconate	5176754	1377255.5	2	23
23	Ribulose-5P	5176754	1693140.5	3	24,25
24	D-Ribose 5-phosphate	5176754.5	2009132.5	3	26,73
25	Xylulose-5P	4560633.5	1868866.5	1	
26	Sedoheptulose-7-phosphate	5176754.5	2284558.5	2	27
27	Glyceraldehyde 3-phosphate	5176754.5	2600317.5	2	28
28	Erythrose-4P	5176754.5	2942511.5	2	29
29	Fructose 6-phosphate	5176754	3229449.5	1	
30	Acetyl-CoA	3780064.5	3436131.5	3	
31	cis-aconitic ccid	4955949.5	3797657.5	2	14
32	R 2-HG	5073753.5	4884640.5	1	21
33	Methionine	1621506.5	2572477.5	1	34
34	Homocysteine	1621506	2822639.5	2	35
35	Cystathionine	1621506	3149957.5	3	36,39
36	2-Oxobutyric acid	1621506.5	3450821.5	2	37
37	L-Threonine	1621506.5	3743093.5	1	
38	Glycine	2536394.5	2822639.5	1	39
39	L-Serine	2536394	3065049.5	3	40
40	L-Cysteine	2536394.5	3384638.5	3	133
41	Methylmalonyl-CoA	4135291.5	5161679.5	2	20
42	L-Isoleucine	4135291	5565199.5	1	41
43	L-Tryptophan	599138	1967347.5	1	
44	L-Tyrosine	985159.5	2263804.5	1	45
45	Phenylalanine	1700571.5	2263804.5	1	
46	Argininosuccinic acid	1964762.5	4206780.5	3	48,54,71
47	Ornithine	1928213	5426187.5	3	54
48	Citrulline	1100679	4624434.5	3	47
49	L-Glutamine	950878.5	5375377.5	1	50
50	Carbamoyl P	950878.5	5129351.5	2	48
51	Putrescine	1348223	5694114.5	2	47
52	Spermidine	1348223.5	5920532.5	2	51,53
53	Spermine	1348223	6174427.5	1	
54	Arginine	2677936.5	4783728.5	5	58,18
55	Urea	1930993.5	5195914.5	1	54
56	Creatine	2677936	5765960.5	2	57
57	Creatine Phosphate	2677936	6079956.5	1	
58	Guanidinoacetate	2677936	5477972.5	2	56
59	L-Glutamate	7610759.5	5059944.5	5	66,130
60	L-Histidine	8472013.5	5406441.5	1	59
61	Glutamyl P	7389044.5	5404202.5	2	59
62	Glutamate semialdehyde	7389044.5	5715100.5	2	61
63	Pyrroline carboxylate	7389044.5	6072361.5	2	62
64	L-Proline	7389044.5	6429926.5	2	63,65
65	cis-4-Hydroxy-D-proline	6573893	6429926.5	1	
66	gamma-Glutamylcysteine	6308639.5	5059944.5	4	69,67,130
67	L-Cysteine	6756415.5	5308695.5	1	
68	Glycine	5395223.5	5253456.5	1	
69	L-Glutathione reduced	5629377.5	5519306.5	3	70,68
70	L-Glutathione oxidized	5619303.5	5784069.5	1	
71	L-Aspartate	1100679	4026533.5	4	132
72	Asparagine	865456.5	3790202.5	2	71
73	PRPP	6365250	1605882.5	3	74,104
74	SAICAR	7885789	2821298.5	2	75
75	AICAR	7885787.5	3120755.5	2	76
76	IMP	7885789	3405865.5	5	77,81
77	Inosine	7885790	3717498.5	3	78,82
78	Hypoxanthine	7885793	3986079.5	2	79
79	Xanthine	7885792.5	4271154.5	4	80
80	Uric Acid	7885797	4591785.5	1	
81	AMP	8734969.5	3405865.5	5	82,83
82	Adenosine	8734969.5	3717498.5	3	
83	Adenine	9592653	3958571.5	2	84
84	5-Methylthioadenosine	9592655	4280582.5	1	
85	ADP	9100966.5	3120755.5	3	81,100
86	ATP	9100967	2821298.5	3	85,101
87	S-Adenosyl-L-homocysteine	8734969.5	4026533.5	1	82
88	XMP	7162595	3773382.5	2	76,89
89	Xanthosine	7137803.5	4091215.5	2	79
90	GMP	6762574.5	3405865.5	4	76,91
91	Guanosine	6693452.5	3692970.5	2	92
92	Guanine	6468350.5	4028645.5	2	79
93	Cyclic AMP	8601922.5	2821298.5	2	86,81
94	GDP	6545405	3120755.5	3	90
95	GTP	6545406	2821298.5	3	94,96
96	cGMP	6979803	2821298.5	2	90
97	dGDP	6113271.5	3120755.5	3	98,94
98	dGMP	6113271.5	3400221.5	1	
99	dGTP	6113272	2821298.5	2	97,95
100	dADP	9610702	3120755.5	3	102
101	dATP	9610701	2821298.5	2	100
102	dAMP	9610701	3381860.5	1	
103	Orotidine-5P	8696047.5	1309416.5	2	107
104	Orotic acid	8696047.5	936093.5	3	103
105	N-Carbamoyl-L-aspartate	8696047.5	467113.5	3	106
106	 L-Dihydroorotate	8696047.5	698774.5	2	104
107	UMP	8696047.5	1889554.5	4	110,109
108	Uracil	8696047	2437146.5	1	
109	Uridine	8696047.5	2169389.5	2	108
110	dUMP	9355207	1889554.5	4	111,114
111	dTMP	10047137	1889554.5	3	113
112	Thymine	10047137	2437146.5	1	
113	Thymidine	10047137	2169389.5	2	112
114	Deoxyuridine	9355207	2169389.5	1	
115	CMP	8072448.5	1889554.5	2	117
116	Cytosine	8072448.5	2437146.5	1	
117	Cytidine	8072448.5	2169389.5	2	116
118	dCMP	7672421	1889554.5	2	119
119	Deoxycytidine	7672421	2169389.5	1	
120	UDP	8432880.5	1689216.5	2	107
121	UTP	8153619	1507808.5	2	120
122	CDP	7981630.5	1689216.5	2	115
123	CTP	7702369	1507808.5	3	121,122
124	dCDP	7529451	1689216.5	2	118
125	dCTP	7250189	1507808.5	2	124,123
126	dUDP	9206578	1689216.5	2	110
127	dUTP	8927316	1507808.5	1	126
128	dTDP	9834962	1689216.5	2	111
129	dTTP	9555700	1507808.5	1	128
130	5-oxoproline	6457070.5	5527583.5	2	
131	N-Acetylasparagine	604293.5	3494548.5	1	72
132	N-acetylaspartate	659907.5	4306562.5	1	
133	L-Cysteic acid	2536394.5	3658962.5	1	
134	Nicotinate	599138.5	776032.5	1	135
135	NaMN	599138	1237177.5	3	140,136
136	NAD	1167118	1237177.5	4	138,139,137
137	NADH	1167118	1578751.5	1	
138	NMN	1761911.5	1237177.5	2	
139	Nicotinamide	1761911.5	850684.5	2	138
140	Quinolinate	599138.5	1578751.5	2	43
141	L-Aspartate	8382776	205219.5	1	105
142	Carbamoyl P	9126770	205219.5	1	105
