0	GLUCOSE	4054687.0	729097.0	1	1
1	GLUCOSE 6-PHOSPHATE	4054687.5	993468.0	4	2
2	FRUCTOSE 6-PHOSPHATE	4054687.5	1257839.0	2	3
3	FRUCTOSE BISPHOSPHATE	4054687.5	1522210.0	3	4,11
4	GLYCERALDEHYDE 3-PHOSPHATE	4054687.5	1771193.5	3	5,11
5	BISPHOSPHOGLYCERATE	4054687.0	2077815.0	2	6
6	3-PHOSPHOGLYCERIC ACID	4054687.0	2315324.0	3	7,158
7	2-PHOSPHOGLYCERIC ACID	4054687.0	2579695.0	2	8
8	PHOSPHOENOLPYRUVIC ACID	4054687.5	2836371.5	2	9
9	PYRUVIC ACID	4054687.0	3108436.0	4	27,10
10	LACTIC ACID	3406647.0	2959567.0	1	
11	DIHYDROXYACETONE PHOSPHATE	3203460.5	1771192.5	3	
12	CITRIC ACID	4054687.0	3580206.0	3	14,27
13	ISOCITRIC ACID	5014224.5	4160023.0	2	28
14	OXALOACETIC ACID	3163904.5	3768723.0	3	15,68
15	MALIC ACID	3086432.0	4035919.0	2	16
16	FUMARIC ACID	3086432.0	4360307.0	4	17
17	SUCCINIC ACID	3452897.0	4688764.0	2	18
18	SUCCINYL COENZYME A	4135291.0	4819646.5	3	19
19	ALPHA-KETOGLUTARIC ACID	4907226.0	4507326.0	4	13,56
20	6-PHOSPHOGLUCONIC ACID	5318882.5	993468.0	2	21,1
21	RIBULOSE 5-PHOSPHATE	5318882.5	1257839.0	2	22
22	RIBOSE 5-PHOSPHATE	5318882.5	1522210.0	3	23,70
23	SEDOHEPTULOSE 7-PHOSPHATE	5318882.5	1786582.0	2	24
24	GLYCERALDEHYDE 3-PHOSPHATE	5318882.5	2077815.0	2	25
25	ERYTHROSE 4-PHOSPHATE	5318882.0	2315324.0	2	26
26	FRUCTOSE 6-PHOSPHATE	5318882.5	2579695.0	1	
27	ACETYL COENZYME A	4054687.0	3338458.5	5	148,152
28	CIS-ACONITIC ACID	4955950.0	3789963.0	2	12
29	R-2-HYDROXYGLUTARIC ACID	5073753.5	4876946.0	1	19
30	METHIONINE	2087253.0	1891463.0	3	141,31
31	HOMOCYSTEINE	2087253.0	2738160.0	3	32
32	CYSTATHIONINE	2087253.0	2980570.0	3	33,36
33	OXOBUTYRIC ACID	1420377.0	2980570.0	2	34
34	THREONINE	802766.5	2980570.0	1	
35	GLYCINE	2834384.0	2738160.0	1	36
36	SERINE	2834385.0	2980570.0	4	37
37	CYSTEINE	2834384.5	3215433.0	3	130,157
38	METHYLMALONYL COENZYME A	4135292.5	5138596.5	5	18
39	ISOLEUCINE	3364747.0	5566882.0	1	38
40	TRYPTOPHAN	599137.5	1856783.0	1	
41	TYROSINE	3059896.0	4989039.0	2	42,16
42	PHENYLALANINE	3177527.5	5228641.0	1	
43	ARGININOSUCCINIC ACID	1964762.5	4199086.0	3	45,51,68
44	ORNITHINE	1928213.0	5418493.0	3	51
45	CITRULLINE	1100679.0	4616740.0	3	44
46	GLUTAMINE	950879.0	5367683.0	1	47
47	CARBAMOYL PHOSPHATE	950878.5	5106268.5	2	45
48	PUTRESCINE	1348223.0	5686420.0	2	44
49	SPERMIDINE	1348223.0	5912838.0	3	48,50,146
50	SPERMINE	1348223.0	6166733.0	1	
51	ARGININE	2677936.0	4776034.0	5	55,16
52	UREA	1931222.5	4962442.0	1	51
53	CREATINE	2677936.0	5758266.0	2	54
54	PHOSPHOCREATINE	2677936.0	6072262.0	1	
55	GUANIDINOACETIC ACID	2677935.0	5470278.0	2	53
56	GLUTAMIC ACID	8218935.5	5367683.0	7	63,127
57	HISTIDINE	8957797.5	6022839.0	2	56
58	GLUTAMYL PHOSPHATE	7997222.5	5711941.0	2	56
59	GLUTAMIC ACID SEMIALDEHYDE	7997220.5	6022839.0	2	58
60	PYRROLINE CARBOXYLIC ACID	7997223.5	6380100.0	2	59
61	PROLINE	7997220.5	6737665.0	2	60,62
62	CIS-4-HYDROXY-D-PROLINE	7182069.0	6737665.0	1	
63	GAMMA-GLUTAMYLCYSTEINE	6308639.0	5052250.0	4	66,127
64	CYSTEINE	5675950.5	4892113.0	1	63
65	GLYCINE	5395223.0	5245762.0	1	
66	GLUTATHIONE	5623965.0	5511612.0	3	67,65
67	GLUTATHIONE DISULFIDE	5623965.5	5859190.0	1	
68	ASPARTIC ACID	1100680.0	4018839.0	4	129
69	ASPARAGINE	865456.0	3782508.0	2	68
70	PHOSPHORIBOSYL PYROPHOSPHATE	6365250.5	1582799.5	3	71,101
71	PHOSPHORIBOSYLAMINOIMIDAZOLESUCCINOCARBOXAMIDE	7885793.0	2819660.0	2	72
72	5-AMINOIMIDAZOLE-4-CARBOXAMIDE RIBONUCLEOTIDE	7885793.0	3097672.0	2	73
73	INOSINE MONOPHOSPHATE	7885793.0	3378935.0	5	74,78
74	INOSINE	7885793.0	3706246.0	3	75,79
75	HYPOXANTHINE	7885793.0	3985914.0	2	76
76	XANTHINE	7885793.0	4263460.0	4	77
77	URIC ACID	7885793.0	4584091.0	1	
78	ADENOSINE MONOPHOSPHATE	8734969.0	3378935.0	4	79
79	ADENOSINE	8734969.0	3706246.0	3	80
80	ADENINE	8734969.0	3985914.0	1	
81	METHYLTHIOADENOSINE	537140.5	6339674.0	1	146
82	ADENOSINE DIPHOSPHATE	9100968.0	3093825.0	3	78,97
83	ADENOSINE TRIPHOSPHATE	9100968.0	2815813.0	3	82,98
84	S-ADENOSYLHOMOCYSTEINE	2634228.5	2359257.0	2	31,141
85	XANTHOSINE MONOPHOSPHATE	7160663.5	3706246.0	2	73,86
86	XANTHOSINE	7160663.0	3985914.0	2	76
87	GUANOSINE MONOPHOSPHATE	6762574.5	3378935.0	4	73,88
88	GUANOSINE	6693452.0	3706246.0	2	89
89	GUANINE	6468350.5	3985914.0	2	76
90	CYCLIC ADENOSINE MONOPHOSPHATE	8601922.0	2815813.0	2	83,78
91	GUANOSINE DIPHOSPHATE	6547969.0	3093825.0	3	87
92	GUANOSINE TRIPHOSPHATE	6547969.0	2815813.0	3	91,93
93	CYCLIC GUANOSINE MONOPHOSPHATE	6979803.5	2815813.0	2	87
94	DEOXYGUANOSINE DIPHOSPHATE	6100349.0	3093825.0	3	95,91
95	DEOXYGUANOSINE MONOPHOSPHATE	6100349.0	3378935.0	1	
96	DEOXYGUANOSINE TRIPHOSPHATE	6100349.0	2815813.0	2	94,92
97	DEOXYADENOSINE DIPHOSPHATE	9610701.5	3093825.0	3	99
98	DEOXYADENOSINE TRIPHOSPHATE	9610701.0	2815813.0	2	97
99	DEOXYADENOSINE MONOPHOSPHATE	9610701.5	3378935.0	1	
100	OROTIDINE 5-PHOSPHATE	8696047.5	1301722.0	2	104
101	OROTIC ACID	8696047.0	928399.0	3	100
102	CARBAMOYL ASPARTIC ACID	8696048.5	459419.0	3	103
103	DIHYDROOROTIC ACID	8696046.5	691080.0	2	101
104	URIDINE MONOPHOSPHATE	8694591.0	1878031.0	4	107,106
105	URACIL	8696047.0	2429452.0	1	
106	URIDINE	8696048.0	2161695.0	2	105
107	DEOXYURIDINE MONOPHOSPHATE	9339977.0	1878031.0	4	108,111
108	DEOXYTHYMIDINE MONOPHOSPHATE	10047138.0	1878031.0	3	110
109	THYMINE	10047137.0	2429452.0	1	
110	THYMIDINE	10047137.0	2161695.0	2	109
111	DEOXYURIDINE	9339804.0	2161695.0	1	
112	CYTIDINE MONOPHOSPHATE	8072449.0	1878031.0	2	114
113	CYTOSINE	8072448.0	2429452.0	1	
114	CYTIDINE	8072448.0	2161695.0	2	113
115	DEOXYCYTIDINE MONOPHOSPHATE	7634320.0	1878031.0	2	116
116	DEOXYCYTIDINE	7634320.5	2161695.0	1	
117	URIDINE DIPHOSPHATE	8390680.0	1680087.0	2	104
118	URIDINE TRIPHOSPHATE	8223445.0	1480878.0	2	117
119	CYTIDINE DIPHOSPHATE	7927814.0	1679454.0	2	112
120	CYTIDINE TRIPHOSPHATE	7782740.5	1480878.0	3	118,119
121	DEOXYCYTIDINE DIPHOSPHATE	7381461.0	1679454.0	2	115
122	DEOXYCYTIDINE TRIPHOSPHATE	7175782.0	1480878.0	2	121,120
123	DEOXYURIDINE DIPHOSPHATE	9281897.5	1677551.0	2	107
124	DEOXYURIDINE TRIPHOSPHATE	9065617.5	1480878.0	1	123
125	DEOXYTHYMIDINE DIPHOSPHATE	9834962.0	1679455.0	2	108
126	DEOXYTHYMIDINE TRIPHOSPHATE	9672416.0	1480878.0	1	125
127	5-OXOPROLINE	6457070.0	5519889.0	2	
128	N-ACETYLASPARAGINE	604293.5	3486854.0	1	69
129	N-ACETYLASPARTIC ACID	659908.0	4298868.0	1	
130	CYSTEIC ACID	2834385.5	3444112.0	1	
131	NICOTINIC ACID	598784.0	585220.0	1	132
132	NICOTINIC ACID MONONUCLEOTIDE	599138.0	914682.0	3	137,133
133	NICOTINAMIDE ADENINE DINUCLEOTIDE	1136944.0	914682.0	5	135,136,134,153
134	NICOTINAMIDE ADENINE DINUCLEOTIDE HYDROGEN	1136945.5	1266731.0	1	
135	NICOTINAMIDE MONONUCLEOTIDE	1731737.0	914682.0	2	
136	NICOTINAMIDE	1731738.0	518630.5	2	135
137	QUINOLINIC ACID	599139.0	1266731.0	2	140
138	ASPARTIC ACID	8275940.0	197525.0	1	102
139	CARBAMOYL PHOSPHATE	9173305.5	197525.0	1	102
140	KYNURENINE	598743.0	1583486.0	2	40
141	S-ADENOSYLMETHIONINE	2634230.0	2048177.0	2	
142	METHYLTETRAHYDROFOLIC ACID	1505854.5	2550599.0	3	30,143
143	TETRAHYDROFOLIC ACID	807731.5	2426880.0	2	
144	METHYLENETETRAHYDROFOLIC ACID	855123.5	2191497.0	2	143
145	FORMYLTETRAHYDROFOLIC ACID	1353799.5	1930742.0	2	144,142
146	S-ADENOSYLMETHIONINE	537141.0	5707405.0	2	
147	VALINE	3811953.0	5571187.0	1	38
148	LEUCINE	3455387.5	3217628.0	1	
149	METHIONINE	4260836.0	5568625.0	1	38
150	THREONINE	4803859.5	5565267.0	1	38
151	GLUTAMINE	9236086.0	5240725.0	2	56
152	ISOLEUCINE	3476233.0	3444709.0	1	
153	NICOTINAMIDE ADENINE DINUCLEOTIDE PHOSPHATE	1649852.0	1266731.0	2	154
154	NICOTINAMIDE ADENINE DINUCLEOTIDE PHOSPHATE HYDROGEN	1649852.0	1534047.0	1	
155	TAURINE	2158768.0	3674289.0	1	
156	HYPOTAURINE	2158768.0	3444112.0	2	155
157	CYSTEINE SULFINIC ACID	2158770.5	3215433.0	2	156
158	PHOSPHOSERINE	3457569.5	2553971.0	2	36
159	GLYCEROL 3-PHOSPHATE	2934742.5	1438421.0	2	11
160	GLYCEROL	2934743.0	1208136.0	1	159
161	ASPARTIC ACID	8351935.0	4894685.0	2	56
162	ASPARAGINE	9281898.0	4718221.0	2	151,161
163	URIDINE DIPHOSPHATE GLUCOSE	3569467.0	827947.0	2	1
164	URIDINE DIPHOSPHATE XYLOSE	3258576.0	637304.0	1	163
165	COENZYME A	4616768.0	3247906.0	1	27
166	LYSINE	4223027.0	6081646.0	1	167
167	AMINOADIPIC ACID	4220018.5	6303156.0	1	
168	ALANINE	4575615.5	2992489.0	1	9
169	UROCANIC ACID	8957797.5	6380100.0	1	57
